105.19 104.32 103.45 102.58 101.71 100.85 99.98 99.13 98.27 97.42 96.57 95.72 94.87 94.03 93.19 92.36 91.53 90.70 89.87 89.05 88.23 87.42 86.61 85.80 85.00 84.20 83.41 82.62 81.84 81.06 80.28 79.51 78.75 77.99 77.23 76.49 75.74 75.01 74.28 73.55 72.84 72.12 71.42 70.72 70.04 69.35 68.68 68.01 67.36 66.71 66.07 65.44 64.82 64.20 63.60 63.01 62.43 61.85 61.29 60.75 60.21 59.68 59.17 58.67 58.18 57.71 57.25 56.80 56.36 55.95 55.54 55.15 54.78 54.42 54.08 53.76 53.45 53.16 52.89 52.63 52.39 52.17 51.97 51.79 51.62 51.48 51.35 51.24 51.16 51.09 51.04 51.01 51.00 51.00 51.00 51.00 51.00 51.00 51.00 51.00 51.00 51.00 51.00 51.00 51.00 51.00 51.00 51.00 51.00 51.00 51.00 51.00 51.00 51.00 51.00 51.00 51.00 51.00 51.00 51.00 51.00 51.00 51.00 51.00 51.00 51.00 51.00 51.00 51.00 51.00 51.00 51.00 51.00 51.00 51.00 51.00 51.00 51.00 51.00 51.00 51.00 51.00 51.00 51.00 51.00 51.00 51.00 51.00 51.00 51.00 51.00 51.00 51.00 51.00 51.00 51.00 51.00 51.00 51.00 51.00 51.00 51.00 51.00 51.00 51.00 51.00 51.00 51.00 51.00 51.00 51.01 51.04 51.09 51.16 51.24 51.35 51.48 51.62 51.79 51.97 52.17 52.39 52.63 52.89 53.16 53.45 53.76 54.08 54.42 54.78 55.15 55.54 55.95 56.36 56.80 57.25 57.71 58.18 58.67 59.17
104.71 103.83 102.96 102.08 101.21 100.34 99.48 98.62 97.75 96.90 96.04 95.19 94.34 93.49 92.65 91.81 90.97 90.14 89.31 88.48 87.66 86.84 86.02 85.21 84.40 83.60 82.80 82.01 81.22 80.43 79.65 78.87 78.10 77.34 76.58 75.82 75.07 74.33 73.59 72.86 72.14 71.42 70.71 70.01 69.31 68.62 67.94 67.27 66.60 65.95 65.30 64.66 64.03 63.41 62.80 62.20 61.61 61.03 60.46 59.91 59.36 58.83 58.31 57.80 57.31 56.82 56.36 55.90 55.46 55.04 54.63 54.23 53.85 53.49 53.14 52.81 52.50 52.20 51.92 51.66 51.42 51.20 50.99 50.80 50.64 50.49 50.36 50.25 50.16 50.09 50.04 50.01 50.00 50.00 50.00 50.00 50.00 50.00 50.00 50.00 50.00 50.00 50.00 50.00 50.00 50.00 50.00 50.00 50.00 50.00 50.00 50.00 50.00 50.00 50.00 50.00 50.00 50.00 50.00 50.00 50.00 50.00 50.00 50.00 50.00 50.00 50.00 50.00 50.00 50.00 50.00 50.00 50.00 50.00 50.00 50.00 50.00 50.00 50.00 50.00 50.00 50.00 50.00 50.00 50.00 50.00 50.00 50.00 50.00 50.00 50.00 50.00 50.00 50.00 50.00 50.00 50.00 50.00 50.00 50.00 50.00 50.00 50.00 50.00 50.00 50.00 50.00 50.00 50.00 50.00 50.01 50.04 50.09 50.16 50.25 50.36 50.49 50.64 50.80 50.99 51.20 51.42 51.66 51.92 52.20 52.50 52.81 53.14 53.49 53.85 54.23 54.63 55.04 55.46 55.90 56.36 56.82 57.31 57.80 58.31
104.24 103.35 102.47 101.60 100.72 99.85 98.98 98.11 97.25 96.38 95.52 94.67 93.81 92.96 92.11 91.27 90.43 89.59 88.75 87.92 87.09 86.27 85.45 84.63 83.82 83.01 82.20 81.40 80.60 79.81 79.03 78.24 77.47 76.69 75.93 75.17 74.41 73.66 72.92 72.18 71.45 70.72 70.01 69.30 68.59 67.90 67.21 66.53 65.86 65.19 64.54 63.89 63.25 62.63 62.01 61.40 60.80 60.22 59.64 59.08 58.52 57.98 57.45 56.94 56.44 55.95 55.47 55.01 54.56 54.13 53.71 53.31 52.92 52.55 52.20 51.87 51.55 51.24 50.96 50.70 50.45 50.22 50.01 49.82 49.65 49.50 49.37 49.25 49.16 49.09 49.04 49.01 49.00 49.00 49.00 49.00 49.00 49.00 49.00 49.00 49.00 49.00 49.00 49.00 49.00 49.00 49.00 49.00 49.00 49.00 49.00 49.00 49.00 49.00 49.00 49.00 49.00 49.00 49.00 49.00 49.00 49.00 49.00 49.00 49.00 49.00 49.00 49.00 49.00 49.00 49.00 49.00 49.00 49.00 49.00 49.00 49.00 49.00 49.00 49.00 49.00 49.00 49.00 49.00 49.00 49.00 49.00 49.00 49.00 49.00 49.00 49.00 49.00 49.00 49.00 49.00 49.00 49.00 49.00 49.00 49.00 49.00 49.00 49.00 49.00 49.00 49.00 49.00 49.00 49.00 49.01 49.04 49.09 49.16 49.25 49.37 49.50 49.65 49.82 50.01 50.22 50.45 50.70 50.96 51.24 51.55 51.87 52.20 52.55 52.92 53.31 53.71 54.13 54.56 55.01 55.47 55.95 56.44 56.94 57.45
103.77 102.88 102.00 101.12 100.24 99.36 98.49 97.62 96.75 95.88 95.02 94.15 93.30 92.44 91.59 90.74 89.89 89.04 88.20 87.37 86.53 85.70 84.88 84.05 83.23 82.42 81.61 80.80 80.00 79.20 78.41 77.62 76.84 76.06 75.29 74.52 73.76 73.00 72.25 71.51 70.77 70.04 69.31 68.59 67.88 67.18 66.48 65.80 65.12 64.44 63.78 63.13 62.48 61.85 61.22 60.61 60.00 59.41 58.82 58.25 57.69 57.14 56.60 56.08 55.57 55.07 54.59 54.12 53.67 53.23 52.80 52.39 52.00 51.62 51.26 50.92 50.60 50.29 50.00 49.73 49.48 49.24 49.03 48.84 48.66 48.51 48.37 48.26 48.17 48.09 48.04 48.01 48.00 48.00 48.00 48.00 48.00 48.00 48.00 48.00 48.00 48.00 48.00 48.00 48.00 48.00 48.00 48.00 48.00 48.00 48.00 48.00 48.00 48.00 48.00 48.00 48.00 48.00 48.00 48.00 48.00 48.00 48.00 48.00 48.00 48.00 48.00 48.00 48.00 48.00 48.00 48.00 48.00 48.00 48.00 48.00 48.00 48.00 48.00 48.00 48.00 48.00 48.00 48.00 48.00 48.00 48.00 48.00 48.00 48.00 48.00 48.00 48.00 48.00 48.00 48.00 48.00 48.00 48.00 48.00 48.00 48.00 48.00 48.00 48.00 48.00 48.00 48.00 48.00 48.00 48.01 48.04 48.09 48.17 48.26 48.37 48.51 48.66 48.84 49.03 49.24 49.48 49.73 50.00 50.29 50.60 50.92 51.26 51.62 52.00 52.39 52.80 53.23 53.67 54.12 54.59 55.07 55.57 56.08 56.60
103.31 102.42 101.53 100.65 99.76 98.88 98.01 97.13 96.25 95.38 94.51 93.65 92.78 91.92 91.07 90.21 89.36 88.51 87.66 86.82 85.98 85.15 84.31 83.49 82.66 81.84 81.02 80.21 79.40 78.60 77.80 77.01 76.22 75.43 74.65 73.88 73.11 72.35 71.59 70.84 70.09 69.35 68.62 67.90 67.18 66.47 65.76 65.07 64.38 63.70 63.03 62.37 61.72 61.07 60.44 59.82 59.20 58.60 58.01 57.43 56.86 56.30 55.76 55.23 54.71 54.20 53.71 53.24 52.77 52.33 51.89 51.48 51.08 50.70 50.33 49.98 49.65 49.34 49.04 48.76 48.51 48.27 48.05 47.85 47.68 47.52 47.38 47.27 47.17 47.10 47.04 47.01 47.00 47.00 47.00 47.00 47.00 47.00 47.00 47.00 47.00 47.00 47.00 47.00 47.00 47.00 47.00 47.00 47.00 47.00 47.00 47.00 47.00 47.00 47.00 47.00 47.00 47.00 47.00 47.00 47.00 47.00 47.00 47.00 47.00 47.00 47.00 47.00 47.00 47.00 47.00 47.00 47.00 47.00 47.00 47.00 47.00 47.00 47.00 47.00 47.00 47.00 47.00 47.00 47.00 47.00 47.00 47.00 47.00 47.00 47.00 47.00 47.00 47.00 47.00 47.00 47.00 47.00 47.00 47.00 47.00 47.00 47.00 47.00 47.00 47.00 47.00 47.00 47.00 47.00 47.01 47.04 47.10 47.17 47.27 47.38 47.52 47.68 47.85 48.05 48.27 48.51 48.76 49.04 49.34 49.65 49.98 50.33 50.70 51.08 51.48 51.89 52.33 52.77 53.24 53.71 54.20 54.71 55.23 55.76
102.86 101.97 101.07 100.18 99.30 98.41 97.53 96.65 95.77 94.89 94.02 93.15 92.28 91.42 90.55 89.69 88.84 87.98 87.13 86.28 85.44 84.60 83.76 82.93 82.10 81.27 80.45 79.63 78.82 78.01 77.20 76.40 75.60 74.81 74.03 73.25 72.47 71.70 70.94 70.18 69.43 68.68 67.94 67.21 66.48 65.76 65.05 64.35 63.66 62.97 62.29 61.62 60.96 60.31 59.67 59.03 58.41 57.80 57.20 56.61 56.04 55.47 54.92 54.38 53.85 53.34 52.84 52.35 51.88 51.43 50.99 50.57 50.16 49.77 49.40 49.04 48.70 48.38 48.08 47.80 47.54 47.30 47.07 46.87 46.69 46.53 46.39 46.27 46.17 46.10 46.04 46.01 46.00 46.00 46.00 46.00 46.00 46.00 46.00 46.00 46.00 46.00 46.00 46.00 46.00 46.00 46.00 46.00 46.00 46.00 46.00 46.00 46.00 46.00 46.00 46.00 46.00 46.00 46.00 46.00 46.00 46.00 46.00 46.00 46.00 46.00 46.00 46.00 46.00 46.00 46.00 46.00 46.00 46.00 46.00 46.00 46.00 46.00 46.00 46.00 46.00 46.00 46.00 46.00 46.00 46.00 46.00 46.00 46.00 46.00 46.00 46.00 46.00 46.00 46.00 46.00 46.00 46.00 46.00 46.00 46.00 46.00 46.00 46.00 46.00 46.00 46.00 46.00 46.00 46.00 46.01 46.04 46.10 46.17 46.27 46.39 46.53 46.69 46.87 47.07 47.30 47.54 47.80 48.08 48.38 48.70 49.04 49.40 49.77 50.16 50.57 50.99 51.43 51.88 52.35 52.84 53.34 53.85 54.38 54.92
102.42 101.52 100.62 99.73 98.84 97.95 97.06 96.18 95.29 94.41 93.54 92.66 91.79 90.92 90.05 89.19 88.32 87.46 86.61 85.76 84.91 84.06 83.22 82.38 81.54 80.71 79.88 79.06 78.24 77.42 76.61 75.80 75.00 74.20 73.41 72.62 71.84 71.06 70.29 69.53 68.77 68.01 67.27 66.53 65.80 65.07 64.35 63.64 62.94 62.24 61.55 60.88 60.21 59.55 58.90 58.26 57.63 57.01 56.40 55.80 55.22 54.64 54.08 53.54 53.00 52.48 51.97 51.48 51.00 50.54 50.09 49.66 49.24 48.85 48.47 48.10 47.76 47.43 47.13 46.84 46.57 46.32 46.10 45.89 45.71 45.54 45.40 45.28 45.18 45.10 45.04 45.01 45.00 45.00 45.00 45.00 45.00 45.00 45.00 45.00 45.00 45.00 45.00 45.00 45.00 45.00 45.00 45.00 45.00 45.00 45.00 45.00 45.00 45.00 45.00 45.00 45.00 45.00 45.00 45.00 45.00 45.00 45.00 45.00 45.00 45.00 45.00 45.00 45.00 45.00 45.00 45.00 45.00 45.00 45.00 45.00 45.00 45.00 45.00 45.00 45.00 45.00 45.00 45.00 45.00 45.00 45.00 45.00 45.00 45.00 45.00 45.00 45.00 45.00 45.00 45.00 45.00 45.00 45.00 45.00 45.00 45.00 45.00 45.00 45.00 45.00 45.00 45.00 45.00 45.00 45.01 45.04 45.10 45.18 45.28 45.40 45.54 45.71 45.89 46.10 46.32 46.57 46.84 47.13 47.43 47.76 48.10 48.47 48.85 49.24 49.66 50.09 50.54 51.00 51.48 51.97 52.48 53.00 53.54 54.08
101.98 101.08 100.18 99.28 98.39 97.49 96.60 95.71 94.83 93.94 93.06 92.18 91.30 90.43 89.55 88.68 87.82 86.95 86.09 85.23 84.38 83.53 82.68 81.84 80.99 80.16 79.32 78.49 77.67 76.84 76.03 75.21 74.40 73.60 72.80 72.01 71.22 70.43 69.66 68.88 68.12 67.36 66.60 65.86 65.12 64.38 63.66 62.94 62.23 61.52 60.83 60.14 59.46 58.80 58.14 57.49 56.85 56.22 55.61 55.00 54.41 53.82 53.25 52.70 52.15 51.62 51.11 50.61 50.12 49.65 49.19 48.75 48.33 47.93 47.54 47.17 46.82 46.49 46.17 45.88 45.61 45.35 45.12 44.91 44.72 44.55 44.41 44.28 44.18 44.10 44.05 44.01 44.00 44.00 44.00 44.00 44.00 44.00 44.00 44.00 44.00 44.00 44.00 44.00 44.00 44.00 44.00 44.00 44.00 44.00 44.00 44.00 44.00 44.00 44.00 44.00 44.00 44.00 44.00 44.00 44.00 44.00 44.00 44.00 44.00 44.00 44.00 44.00 44.00 44.00 44.00 44.00 44.00 44.00 44.00 44.00 44.00 44.00 44.00 44.00 44.00 44.00 44.00 44.00 44.00 44.00 44.00 44.00 44.00 44.00 44.00 44.00 44.00 44.00 44.00 44.00 44.00 44.00 44.00 44.00 44.00 44.00 44.00 44.00 44.00 44.00 44.00 44.00 44.00 44.00 44.01 44.05 44.10 44.18 44.28 44.41 44.55 44.72 44.91 45.12 45.35 45.61 45.88 46.17 46.49 46.82 47.17 47.54 47.93 48.33 48.75 49.19 49.65 50.12 50.61 51.11 51.62 52.15 52.70 53.25
101.55 100.65 99.74 98.84 97.94 97.05 96.15 95.26 94.37 93.48 92.59 91.71 90.82 89.94 89.07 88.19 87.32 86.45 85.59 84.72 83.86 83.01 82.15 81.30 80.45 79.61 78.77 77.94 77.10 76.28 75.45 74.63 73.82 73.01 72.20 71.40 70.60 69.81 69.03 68.25 67.48 66.71 65.95 65.19 64.44 63.70 62.97 62.24 61.52 60.81 60.11 59.41 58.73 58.05 57.38 56.73 56.08 55.44 54.82 54.20 53.60 53.01 52.43 51.87 51.31 50.77 50.25 49.74 49.24 48.76 48.30 47.85 47.42 47.01 46.62 46.24 45.88 45.54 45.22 44.92 44.64 44.38 44.15 43.93 43.74 43.57 43.42 43.29 43.19 43.10 43.05 43.01 43.00 43.00 43.00 43.00 43.00 43.00 43.00 43.00 43.00 43.00 43.00 43.00 43.00 43.00 43.00 43.00 43.00 43.00 43.00 43.00 43.00 43.00 43.00 43.00 43.00 43.00 43.00 43.00 43.00 43.00 43.00 43.00 43.00 43.00 43.00 43.00 43.00 43.00 43.00 43.00 43.00 43.00 43.00 43.00 43.00 43.00 43.00 43.00 43.00 43.00 43.00 43.00 43.00 43.00 43.00 43.00 43.00 43.00 43.00 43.00 43.00 43.00 43.00 43.00 43.00 43.00 43.00 43.00 43.00 43.00 43.00 43.00 43.00 43.00 43.00 43.00 43.00 43.00 43.01 43.05 43.10 43.19 43.29 43.42 43.57 43.74 43.93 44.15 44.38 44.64 44.92 45.22 45.54 45.88 46.24 46.62 47.01 47.42 47.85 48.30 48.76 49.24 49.74 50.25 50.77 51.31 51.87 52.43
101.13 100.22 99.32 98.41 97.51 96.61 95.71 94.81 93.91 93.02 92.13 91.24 90.35 89.47 88.59 87.71 86.83 85.96 85.09 84.22 83.35 82.49 81.63 80.78 79.92 79.08 78.23 77.39 76.55 75.72 74.89 74.06 73.24 72.42 71.61 70.80 70.00 69.20 68.41 67.62 66.84 66.07 65.30 64.54 63.78 63.03 62.29 61.55 60.83 60.11 59.40 58.69 58.00 57.31 56.64 55.97 55.32 54.67 54.04 53.41 52.80 52.20 51.61 51.04 50.48 49.93 49.40 48.88 48.37 47.89 47.41 46.96 46.52 46.10 45.69 45.31 44.94 44.60 44.27 43.97 43.68 43.42 43.17 42.95 42.76 42.58 42.43 42.30 42.19 42.11 42.05 42.01 42.00 42.00 42.00 42.00 42.00 42.00 42.00 42.00 42.00 42.00 42.00 42.00 42.00 42.00 42.00 42.00 42.00 42.00 42.00 42.00 42.00 42.00 42.00 42.00 42.00 42.00 42.00 42.00 42.00 42.00 42.00 42.00 42.00 42.00 42.00 42.00 42.00 42.00 42.00 42.00 42.00 42.00 42.00 42.00 42.00 42.00 42.00 42.00 42.00 42.00 42.00 42.00 42.00 42.00 42.00 42.00 42.00 42.00 42.00 42.00 42.00 42.00 42.00 42.00 42.00 42.00 42.00 42.00 42.00 42.00 42.00 42.00 42.00 42.00 42.00 42.00 42.00 42.00 42.01 42.05 42.11 42.19 42.30 42.43 42.58 42.76 42.95 43.17 43.42 43.68 43.97 44.27 44.60 44.94 45.31 45.69 46.10 46.52 46.96 47.41 47.89 48.37 48.88 49.40 49.93 50.48 51.04 51.61
100.72 99.81 98.90 97.99 97.08 96.18 95.27 94.37 93.47 92.57 91.68 90.79 89.89 89.01 88.12 87.24 86.35 85.48 84.60 83.73 82.86 81.99 81.12 80.26 79.40 78.55 77.70 76.85 76.01 75.17 74.33 73.50 72.67 71.85 71.03 70.21 69.40 68.60 67.80 67.01 66.22 65.44 64.66 63.89 63.13 62.37 61.62 60.88 60.14 59.41 58.69 57.98 57.28 56.59 55.90 55.23 54.56 53.91 53.26 52.63 52.01 51.40 50.80 50.22 49.65 49.09 48.55 48.02 47.51 47.01 46.53 46.07 45.62 45.19 44.78 44.38 44.01 43.66 43.32 43.01 42.72 42.45 42.20 41.98 41.77 41.59 41.44 41.30 41.19 41.11 41.05 41.01 41.00 41.00 41.00 41.00 41.00 41.00 41.00 41.00 41.00 41.00 41.00 41.00 41.00 41.00 41.00 41.00 41.00 41.00 41.00 41.00 41.00 41.00 41.00 41.00 41.00 41.00 41.00 41.00 41.00 41.00 41.00 41.00 41.00 41.00 41.00 41.00 41.00 41.00 41.00 41.00 41.00 41.00 41.00 41.00 41.00 41.00 41.00 41.00 41.00 41.00 41.00 41.00 41.00 41.00 41.00 41.00 41.00 41.00 41.00 41.00 41.00 41.00 41.00 41.00 41.00 41.00 41.00 41.00 41.00 41.00 41.00 41.00 41.00 41.00 41.00 41.00 41.00 41.00 41.01 41.05 41.11 41.19 41.30 41.44 41.59 41.77 41.98 42.20 42.45 42.72 43.01 43.32 43.66 44.01 44.38 44.78 45.19 45.62 46.07 46.53 47.01 47.51 48.02 48.55 49.09 49.65 50.22 50.80
100.32 99.40 98.49 97.58 96.66 95.75 94.85 93.94 93.04 92.14 91.24 90.34 89.44 88.55 87.66 86.77 85.88 85.00 84.12 83.24 82.37 81.49 80.62 79.76 78.89 78.03 77.18 76.32 75.47 74.63 73.78 72.95 72.11 71.28 70.46 69.63 68.82 68.01 67.20 66.40 65.60 64.82 64.03 63.25 62.48 61.72 60.96 60.21 59.46 58.73 58.00 57.28 56.57 55.87 55.17 54.49 53.81 53.15 52.50 51.86 51.22 50.61 50.00 49.41 48.83 48.26 47.71 47.17 46.65 46.14 45.65 45.18 44.72 44.28 43.86 43.46 43.08 42.72 42.38 42.06 41.76 41.48 41.23 41.00 40.79 40.61 40.45 40.31 40.20 40.11 40.05 40.01 40.00 40.00 40.00 40.00 40.00 40.00 40.00 40.00 40.00 40.00 40.00 40.00 40.00 40.00 40.00 40.00 40.00 40.00 40.00 40.00 40.00 40.00 40.00 40.00 40.00 40.00 40.00 40.00 40.00 40.00 40.00 40.00 40.00 40.00 40.00 40.00 40.00 40.00 40.00 40.00 40.00 40.00 40.00 40.00 40.00 40.00 40.00 40.00 40.00 40.00 40.00 40.00 40.00 40.00 40.00 40.00 40.00 40.00 40.00 40.00 40.00 40.00 40.00 40.00 40.00 40.00 40.00 40.00 40.00 40.00 40.00 40.00 40.00 40.00 40.00 40.00 40.00 40.00 40.01 40.05 40.11 40.20 40.31 40.45 40.61 40.79 41.00 41.23 41.48 41.76 42.06 42.38 42.72 43.08 43.46 43.86 44.28 44.72 45.18 45.65 46.14 46.65 47.17 47.71 48.26 48.83 49.41 50.00
99.92 99.01 98.09 97.17 96.25 95.34 94.43 93.52 92.61 91.71 90.80 89.90 89.00 88.10 87.21 86.31 85.42 84.53 83.65 82.76 81.88 81.01 80.13 79.26 78.39 77.52 76.66 75.80 74.95 74.09 73.25 72.40 71.56 70.72 69.89 69.07 68.24 67.42 66.61 65.80 65.00 64.20 63.41 62.63 61.85 61.07 60.31 59.55 58.80 58.05 57.31 56.59 55.87 55.15 54.45 53.76 53.08 52.40 51.74 51.09 50.45 49.82 49.20 48.60 48.01 47.43 46.87 46.32 45.79 45.28 44.78 44.29 43.83 43.38 42.95 42.54 42.15 41.79 41.44 41.11 40.80 40.52 40.26 40.02 39.81 39.62 39.46 39.32 39.20 39.12 39.05 39.01 39.00 39.00 39.00 39.00 39.00 39.00 39.00 39.00 39.00 39.00 39.00 39.00 39.00 39.00 39.00 39.00 39.00 39.00 39.00 39.00 39.00 39.00 39.00 39.00 39.00 39.00 39.00 39.00 39.00 39.00 39.00 39.00 39.00 39.00 39.00 39.00 39.00 39.00 39.00 39.00 39.00 39.00 39.00 39.00 39.00 39.00 39.00 39.00 39.00 39.00 39.00 39.00 39.00 39.00 39.00 39.00 39.00 39.00 39.00 39.00 39.00 39.00 39.00 39.00 39.00 39.00 39.00 39.00 39.00 39.00 39.00 39.00 39.00 39.00 39.00 39.00 39.00 39.00 39.01 39.05 39.12 39.20 39.32 39.46 39.62 39.81 40.02 40.26 40.52 40.80 41.11 41.44 41.79 42.15 42.54 42.95 43.38 43.83 44.29 44.78 45.28 45.79 46.32 46.87 47.43 48.01 48.60 49.20
99.54 98.62 97.69 96.77 95.85 94.94 94.02 93.11 92.20 91.29 90.38 89.47 88.57 87.66 86.76 85.87 84.97 84.08 83.19 82.30 81.41 80.53 79.65 78.77 77.90 77.03 76.16 75.29 74.43 73.57 72.72 71.87 71.02 70.18 69.34 68.51 67.68 66.85 66.03 65.22 64.40 63.60 62.80 62.01 61.22 60.44 59.67 58.90 58.14 57.38 56.64 55.90 55.17 54.45 53.74 53.04 52.35 51.66 50.99 50.33 49.68 49.04 48.41 47.80 47.20 46.62 46.04 45.49 44.94 44.42 43.91 43.42 42.94 42.49 42.05 41.63 41.23 40.85 40.50 40.16 39.85 39.56 39.29 39.05 38.83 38.64 38.47 38.33 38.21 38.12 38.05 38.01 38.00 38.00 38.00 38.00 38.00 38.00 38.00 38.00 38.00 38.00 38.00 38.00 38.00 38.00 38.00 38.00 38.00 38.00 38.00 38.00 38.00 38.00 38.00 38.00 38.00 38.00 38.00 38.00 38.00 38.00 38.00 38.00 38.00 38.00 38.00 38.00 38.00 38.00 38.00 38.00 38.00 38.00 38.00 38.00 38.00 38.00 38.00 38.00 38.00 38.00 38.00 38.00 38.00 38.00 38.00 38.00 38.00 38.00 38.00 38.00 38.00 38.00 38.00 38.00 38.00 38.00 38.00 38.00 38.00 38.00 38.00 38.00 38.00 38.00 38.00 38.00 38.00 38.00 38.01 38.05 38.12 38.21 38.33 38.47 38.64 38.83 39.05 39.29 39.56 39.85 40.16 40.50 40.85 41.23 41.63 42.05 42.49 42.94 43.42 43.91 44.42 44.94 45.49 46.04 46.62 47.20 47.80 48.41
99.16 98.23 97.31 96.38 95.46 94.54 93.62 92.70 91.79 90.87 89.96 89.05 88.14 87.24 86.33 85.43 84.53 83.63 82.73 81.84 80.95 80.06 79.18 78.29 77.41 76.54 75.66 74.79 73.93 73.06 72.20 71.34 70.49 69.64 68.80 67.96 67.12 66.29 65.46 64.64 63.82 63.01 62.20 61.40 60.61 59.82 59.03 58.26 57.49 56.73 55.97 55.23 54.49 53.76 53.04 52.33 51.62 50.93 50.25 49.58 48.92 48.27 47.63 47.01 46.40 45.80 45.22 44.65 44.10 43.57 43.05 42.54 42.06 41.59 41.15 40.72 40.31 39.92 39.56 39.22 38.90 38.60 38.33 38.08 37.85 37.66 37.48 37.34 37.22 37.12 37.05 37.01 37.00 37.00 37.00 37.00 37.00 37.00 37.00 37.00 37.00 37.00 37.00 37.00 37.00 37.00 37.00 37.00 37.00 37.00 37.00 37.00 37.00 37.00 37.00 37.00 37.00 37.00 37.00 37.00 37.00 37.00 37.00 37.00 37.00 37.00 37.00 37.00 37.00 37.00 37.00 37.00 37.00 37.00 37.00 37.00 37.00 37.00 37.00 37.00 37.00 37.00 37.00 37.00 37.00 37.00 37.00 37.00 37.00 37.00 37.00 37.00 37.00 37.00 37.00 37.00 37.00 37.00 37.00 37.00 37.00 37.00 37.00 37.00 37.00 37.00 37.00 37.00 37.00 37.00 37.01 37.05 37.12 37.22 37.34 37.48 37.66 37.85 38.08 38.33 38.60 38.90 39.22 39.56 39.92 40.31 40.72 41.15 41.59 42.06 42.54 43.05 43.57 44.10 44.65 45.22 45.80 46.40 47.01 47.63
98.79 97.86 96.93 96.01 95.08 94.15 93.23 92.31 91.39 90.47 89.55 88.64 87.73 86.82 85.91 85.00 84.10 83.19 82.29 81.39 80.50 79.61 78.71 77.83 76.94 76.06 75.18 74.30 73.43 72.56 71.69 70.83 69.97 69.12 68.26 67.42 66.57 65.73 64.90 64.07 63.25 62.43 61.61 60.80 60.00 59.20 58.41 57.63 56.85 56.08 55.32 54.56 53.81 53.08 52.35 51.62 50.91 50.21 49.52 48.84 48.17 47.51 46.86 46.23 45.61 45.00 44.41 43.83 43.27 42.72 42.19 41.68 41.18 40.71 40.25 39.81 39.40 39.00 38.63 38.28 37.95 37.64 37.36 37.11 36.88 36.67 36.50 36.35 36.22 36.12 36.06 36.01 36.00 36.00 36.00 36.00 36.00 36.00 36.00 36.00 36.00 36.00 36.00 36.00 36.00 36.00 36.00 36.00 36.00 36.00 36.00 36.00 36.00 36.00 36.00 36.00 36.00 36.00 36.00 36.00 36.00 36.00 36.00 36.00 36.00 36.00 36.00 36.00 36.00 36.00 36.00 36.00 36.00 36.00 36.00 36.00 36.00 36.00 36.00 36.00 36.00 36.00 36.00 36.00 36.00 36.00 36.00 36.00 36.00 36.00 36.00 36.00 36.00 36.00 36.00 36.00 36.00 36.00 36.00 36.00 36.00 36.00 36.00 36.00 36.00 36.00 36.00 36.00 36.00 36.00 36.01 36.06 36.12 36.22 36.35 36.50 36.67 36.88 37.11 37.36 37.64 37.95 38.28 38.63 39.00 39.40 39.81 40.25 40.71 41.18 41.68 42.19 42.72 43.27 43.83 44.41 45.00 45.61 46.23 46.86
98.43 97.50 96.57 95.63 94.70 93.78 92.85 91.92 91.00 90.08 89.16 88.24 87.32 86.41 85.49 84.58 83.67 82.76 81.86 80.96 80.06 79.16 78.26 77.37 76.48 75.59 74.71 73.82 72.95 72.07 71.20 70.33 69.46 68.60 67.74 66.89 66.04 65.19 64.35 63.51 62.68 61.85 61.03 60.22 59.41 58.60 57.80 57.01 56.22 55.44 54.67 53.91 53.15 52.40 51.66 50.93 50.21 49.50 48.80 48.10 47.42 46.75 46.10 45.45 44.82 44.20 43.60 43.01 42.44 41.88 41.34 40.82 40.31 39.82 39.36 38.91 38.48 38.08 37.70 37.34 37.00 36.69 36.40 36.14 35.90 35.69 35.51 35.36 35.23 35.13 35.06 35.01 35.00 35.00 35.00 35.00 35.00 35.00 35.00 35.00 35.00 35.00 35.00 35.00 35.00 35.00 35.00 35.00 35.00 35.00 35.00 35.00 35.00 35.00 35.00 35.00 35.00 35.00 35.00 35.00 35.00 35.00 35.00 35.00 35.00 35.00 35.00 35.00 35.00 35.00 35.00 35.00 35.00 35.00 35.00 35.00 35.00 35.00 35.00 35.00 35.00 35.00 35.00 35.00 35.00 35.00 35.00 35.00 35.00 35.00 35.00 35.00 35.00 35.00 35.00 35.00 35.00 35.00 35.00 35.00 35.00 35.00 35.00 35.00 35.00 35.00 35.00 35.00 35.00 35.00 35.01 35.06 35.13 35.23 35.36 35.51 35.69 35.90 36.14 36.40 36.69 37.00 37.34 37.70 38.08 38.48 38.91 39.36 39.82 40.31 40.82 41.34 41.88 42.44 43.01 43.60 44.20 44.82 45.45 46.10
98.08 97.14 96.21 95.27 94.34 93.41 92.48 91.55 90.62 89.69 88.77 87.85 86.93 86.01 85.09 84.17 83.26 82.35 81.44 80.53 79.62 78.72 77.82 76.92 76.03 75.13 74.24 73.36 72.47 71.59 70.71 69.84 68.96 68.10 67.23 66.37 65.51 64.66 63.81 62.97 62.13 61.29 60.46 59.64 58.82 58.01 57.20 56.40 55.61 54.82 54.04 53.26 52.50 51.74 50.99 50.25 49.52 48.80 48.08 47.38 46.69 46.01 45.34 44.69 44.05 43.42 42.80 42.20 41.62 41.05 40.50 39.96 39.45 38.95 38.47 38.01 37.58 37.16 36.77 36.40 36.06 35.74 35.44 35.17 34.93 34.71 34.53 34.37 34.23 34.13 34.06 34.01 34.00 34.00 34.00 34.00 34.00 34.00 34.00 34.00 34.00 34.00 34.00 34.00 34.00 34.00 34.00 34.00 34.00 34.00 34.00 34.00 34.00 34.00 34.00 34.00 34.00 34.00 34.00 34.00 34.00 34.00 34.00 34.00 34.00 34.00 34.00 34.00 34.00 34.00 34.00 34.00 34.00 34.00 34.00 34.00 34.00 34.00 34.00 34.00 34.00 34.00 34.00 34.00 34.00 34.00 34.00 34.00 34.00 34.00 34.00 34.00 34.00 34.00 34.00 34.00 34.00 34.00 34.00 34.00 34.00 34.00 34.00 34.00 34.00 34.00 34.00 34.00 34.00 34.00 34.01 34.06 34.13 34.23 34.37 34.53 34.71 34.93 35.17 35.44 35.74 36.06 36.40 36.77 37.16 37.58 38.01 38.47 38.95 39.45 39.96 40.50 41.05 41.62 42.20 42.80 43.42 44.05 44.69 45.34
97.74 96.80 95.86 94.92 93.98 93.05 92.11 91.18 90.25 89.32 88.39 87.46 86.54 85.62 84.69 83.77 82.86 81.94 81.02 80.11 79.20 78.29 77.39 76.49 75.58 74.69 73.79 72.90 72.01 71.12 70.24 69.35 68.48 67.60 66.73 65.86 65.00 64.14 63.29 62.43 61.59 60.75 59.91 59.08 58.25 57.43 56.61 55.80 55.00 54.20 53.41 52.63 51.86 51.09 50.33 49.58 48.84 48.10 47.38 46.67 45.97 45.28 44.60 43.93 43.28 42.64 42.01 41.40 40.80 40.22 39.66 39.12 38.59 38.08 37.59 37.12 36.67 36.25 35.85 35.47 35.11 34.79 34.48 34.21 33.96 33.73 33.54 33.38 33.24 33.14 33.06 33.02 33.00 33.00 33.00 33.00 33.00 33.00 33.00 33.00 33.00 33.00 33.00 33.00 33.00 33.00 33.00 33.00 33.00 33.00 33.00 33.00 33.00 33.00 33.00 33.00 33.00 33.00 33.00 33.00 33.00 33.00 33.00 33.00 33.00 33.00 33.00 33.00 33.00 33.00 33.00 33.00 33.00 33.00 33.00 33.00 33.00 33.00 33.00 33.00 33.00 33.00 33.00 33.00 33.00 33.00 33.00 33.00 33.00 33.00 33.00 33.00 33.00 33.00 33.00 33.00 33.00 33.00 33.00 33.00 33.00 33.00 33.00 33.00 33.00 33.00 33.00 33.00 33.00 33.00 33.02 33.06 33.14 33.24 33.38 33.54 33.73 33.96 34.21 34.48 34.79 35.11 35.47 35.85 36.25 36.67 37.12 37.59 38.08 38.59 39.12 39.66 40.22 40.80 41.40 42.01 42.64 43.28 43.93 44.60
97.41 96.46 95.52 94.58 93.64 92.70 91.76 90.82 89.89 88.96 88.02 87.09 86.16 85.23 84.31 83.38 82.46 81.54 80.62 79.71 78.79 77.88 76.97 76.06 75.15 74.25 73.35 72.45 71.55 70.66 69.77 68.88 68.00 67.12 66.24 65.37 64.50 63.63 62.77 61.91 61.06 60.21 59.36 58.52 57.69 56.86 56.04 55.22 54.41 53.60 52.80 52.01 51.22 50.45 49.68 48.92 48.17 47.42 46.69 45.97 45.25 44.55 43.86 43.19 42.52 41.87 41.23 40.61 40.00 39.41 38.83 38.28 37.74 37.22 36.72 36.24 35.78 35.34 34.93 34.54 34.18 33.84 33.53 33.24 32.98 32.76 32.56 32.39 32.25 32.14 32.06 32.02 32.00 32.00 32.00 32.00 32.00 32.00 32.00 32.00 32.00 32.00 32.00 32.00 32.00 32.00 32.00 32.00 32.00 32.00 32.00 32.00 32.00 32.00 32.00 32.00 32.00 32.00 32.00 32.00 32.00 32.00 32.00 32.00 32.00 32.00 32.00 32.00 32.00 32.00 32.00 32.00 32.00 32.00 32.00 32.00 32.00 32.00 32.00 32.00 32.00 32.00 32.00 32.00 32.00 32.00 32.00 32.00 32.00 32.00 32.00 32.00 32.00 32.00 32.00 32.00 32.00 32.00 32.00 32.00 32.00 32.00 32.00 32.00 32.00 32.00 32.00 32.00 32.00 32.00 32.02 32.06 32.14 32.25 32.39 32.56 32.76 32.98 33.24 33.53 33.84 34.18 34.54 34.93 35.34 35.78 36.24 36.72 37.22 37.74 38.28 38.83 39.41 40.00 40.61 41.23 41.87 42.52 43.19 43.86
97.08 96.14 95.19 94.24 93.30 92.36 91.42 90.48 89.54 88.60 87.66 86.73 85.80 84.86 83.93 83.01 82.08 81.15 80.23 79.31 78.39 77.47 76.56 75.64 74.73 73.82 72.92 72.01 71.11 70.21 69.32 68.43 67.54 66.65 65.76 64.88 64.01 63.13 62.27 61.40 60.54 59.68 58.83 57.98 57.14 56.30 55.47 54.64 53.82 53.01 52.20 51.40 50.61 49.82 49.04 48.27 47.51 46.75 46.01 45.28 44.55 43.84 43.14 42.45 41.77 41.11 40.46 39.82 39.20 38.60 38.01 37.44 36.89 36.36 35.85 35.36 34.89 34.44 34.01 33.62 33.24 32.89 32.57 32.28 32.02 31.78 31.58 31.40 31.26 31.14 31.06 31.02 31.00 31.00 31.00 31.00 31.00 31.00 31.00 31.00 31.00 31.00 31.00 31.00 31.00 31.00 31.00 31.00 31.00 31.00 31.00 31.00 31.00 31.00 31.00 31.00 31.00 31.00 31.00 31.00 31.00 31.00 31.00 31.00 31.00 31.00 31.00 31.00 31.00 31.00 31.00 31.00 31.00 31.00 31.00 31.00 31.00 31.00 31.00 31.00 31.00 31.00 31.00 31.00 31.00 31.00 31.00 31.00 31.00 31.00 31.00 31.00 31.00 31.00 31.00 31.00 31.00 31.00 31.00 31.00 31.00 31.00 31.00 31.00 31.00 31.00 31.00 31.00 31.00 31.00 31.02 31.06 31.14 31.26 31.40 31.58 31.78 32.02 32.28 32.57 32.89 33.24 33.62 34.01 34.44 34.89 35.36 35.85 36.36 36.89 37.44 38.01 38.60 39.20 39.82 40.46 41.11 41.77 42.45 43.14
96.77 95.82 94.87 93.92 92.97 92.03 91.08 90.14 89.20 88.26 87.32 86.38 85.44 84.50 83.57 82.64 81.71 80.78 79.85 78.92 78.00 77.08 76.16 75.24 74.32 73.41 72.50 71.59 70.68 69.78 68.88 67.98 67.08 66.19 65.30 64.41 63.53 62.65 61.77 60.90 60.03 59.17 58.31 57.45 56.60 55.76 54.92 54.08 53.25 52.43 51.61 50.80 50.00 49.20 48.41 47.63 46.86 46.10 45.34 44.60 43.86 43.14 42.43 41.73 41.04 40.36 39.70 39.05 38.42 37.80 37.20 36.62 36.06 35.51 34.99 34.48 34.00 33.54 33.11 32.70 32.31 31.95 31.62 31.32 31.05 30.81 30.59 30.41 30.27 30.15 30.07 30.02 30.00 30.00 30.00 30.00 30.00 30.00 30.00 30.00 30.00 30.00 30.00 30.00 30.00 30.00 30.00 30.00 30.00 30.00 30.00 30.00 30.00 30.00 30.00 30.00 30.00 30.00 30.00 30.00 30.00 30.00 30.00 30.00 30.00 30.00 30.00 30.00 30.00 30.00 30.00 30.00 30.00 30.00 30.00 30.00 30.00 30.00 30.00 30.00 30.00 30.00 30.00 30.00 30.00 30.00 30.00 30.00 30.00 30.00 30.00 30.00 30.00 30.00 30.00 30.00 30.00 30.00 30.00 30.00 30.00 30.00 30.00 30.00 30.00 30.00 30.00 30.00 30.00 30.00 30.02 30.07 30.15 30.27 30.41 30.59 30.81 31.05 31.32 31.62 31.95 32.31 32.70 33.11 33.54 34.00 34.48 34.99 35.51 36.06 36.62 37.20 37.80 38.42 39.05 39.70 40.36 41.04 41.73 42.43
96.46 95.51 94.56 93.61 92.66 91.71 90.76 89.81 88.87 87.92 86.98 86.03 85.09 84.15 83.22 82.28 81.34 80.41 79.48 78.55 77.62 76.69 75.77 74.85 73.93 73.01 72.09 71.18 70.26 69.35 68.45 67.54 66.64 65.74 64.85 63.95 63.06 62.18 61.29 60.42 59.54 58.67 57.80 56.94 56.08 55.23 54.38 53.54 52.70 51.87 51.04 50.22 49.41 48.60 47.80 47.01 46.23 45.45 44.69 43.93 43.19 42.45 41.73 41.01 40.31 39.62 38.95 38.29 37.64 37.01 36.40 35.81 35.23 34.67 34.13 33.62 33.12 32.65 32.20 31.78 31.38 31.02 30.68 30.36 30.08 29.83 29.61 29.43 29.27 29.15 29.07 29.02 29.00 29.00 29.00 29.00 29.00 29.00 29.00 29.00 29.00 29.00 29.00 29.00 29.00 29.00 29.00 29.00 29.00 29.00 29.00 29.00 29.00 29.00 29.00 29.00 29.00 29.00 29.00 29.00 29.00 29.00 29.00 29.00 29.00 29.00 29.00 29.00 29.00 29.00 29.00 29.00 29.00 29.00 29.00 29.00 29.00 29.00 29.00 29.00 29.00 29.00 29.00 29.00 29.00 29.00 29.00 29.00 29.00 29.00 29.00 29.00 29.00 29.00 29.00 29.00 29.00 29.00 29.00 29.00 29.00 29.00 29.00 29.00 29.00 29.00 29.00 29.00 29.00 29.00 29.02 29.07 29.15 29.27 29.43 29.61 29.83 30.08 30.36 30.68 31.02 31.38 31.78 32.20 32.65 33.12 33.62 34.13 34.67 35.23 35.81 36.40 37.01 37.64 38.29 38.95 39.62 40.31 41.01 41.73
96.17 95.21 94.25 93.30 92.35 91.39 90.44 89.49 88.54 87.60 86.65 85.70 84.76 83.82 82.87 81.93 80.99 80.06 79.12 78.19 77.25 76.32 75.39 74.46 73.54 72.62 71.69 70.77 69.86 68.94 68.03 67.12 66.21 65.31 64.40 63.51 62.61 61.72 60.83 59.94 59.06 58.18 57.31 56.44 55.57 54.71 53.85 53.00 52.15 51.31 50.48 49.65 48.83 48.01 47.20 46.40 45.61 44.82 44.05 43.28 42.52 41.77 41.04 40.31 39.60 38.90 38.21 37.54 36.88 36.24 35.61 35.00 34.41 33.84 33.29 32.76 32.25 31.76 31.30 30.87 30.46 30.08 29.73 29.41 29.12 28.86 28.64 28.44 28.28 28.16 28.07 28.02 28.00 28.00 28.00 28.00 28.00 28.00 28.00 28.00 28.00 28.00 28.00 28.00 28.00 28.00 28.00 28.00 28.00 28.00 28.00 28.00 28.00 28.00 28.00 28.00 28.00 28.00 28.00 28.00 28.00 28.00 28.00 28.00 28.00 28.00 28.00 28.00 28.00 28.00 28.00 28.00 28.00 28.00 28.00 28.00 28.00 28.00 28.00 28.00 28.00 28.00 28.00 28.00 28.00 28.00 28.00 28.00 28.00 28.00 28.00 28.00 28.00 28.00 28.00 28.00 28.00 28.00 28.00 28.00 28.00 28.00 28.00 28.00 28.00 28.00 28.00 28.00 28.00 28.00 28.02 28.07 28.16 28.28 28.44 28.64 28.86 29.12 29.41 29.73 30.08 30.46 30.87 31.30 31.76 32.25 32.76 33.29 33.84 34.41 35.00 35.61 36.24 36.88 37.54 38.21 38.90 39.60 40.31 41.04
95.88 94.92 93.96 93.01 92.05 91.09 90.14 89.19 88.23 87.28 86.33 85.38 84.43 83.49 82.54 81.60 80.65 79.71 78.77 77.83 76.90 75.96 75.03 74.09 73.16 72.24 71.31 70.38 69.46 68.54 67.62 66.71 65.80 64.88 63.98 63.07 62.17 61.27 60.37 59.48 58.59 57.71 56.82 55.95 55.07 54.20 53.34 52.48 51.62 50.77 49.93 49.09 48.26 47.43 46.62 45.80 45.00 44.20 43.42 42.64 41.87 41.11 40.36 39.62 38.90 38.18 37.48 36.80 36.12 35.47 34.83 34.21 33.60 33.02 32.45 31.91 31.38 30.89 30.41 29.97 29.55 29.15 28.79 28.46 28.16 27.89 27.66 27.46 27.29 27.17 27.07 27.02 27.00 27.00 27.00 27.00 27.00 27.00 27.00 27.00 27.00 27.00 27.00 27.00 27.00 27.00 27.00 27.00 27.00 27.00 27.00 27.00 27.00 27.00 27.00 27.00 27.00 27.00 27.00 27.00 27.00 27.00 27.00 27.00 27.00 27.00 27.00 27.00 27.00 27.00 27.00 27.00 27.00 27.00 27.00 27.00 27.00 27.00 27.00 27.00 27.00 27.00 27.00 27.00 27.00 27.00 27.00 27.00 27.00 27.00 27.00 27.00 27.00 27.00 27.00 27.00 27.00 27.00 27.00 27.00 27.00 27.00 27.00 27.00 27.00 27.00 27.00 27.00 27.00 27.00 27.02 27.07 27.17 27.29 27.46 27.66 27.89 28.16 28.46 28.79 29.15 29.55 29.97 30.41 30.89 31.38 31.91 32.45 33.02 33.60 34.21 34.83 35.47 36.12 36.80 37.48 38.18 38.90 39.62 40.36
95.60 94.64 93.68 92.72 91.76 90.80 89.84 88.89 87.93 86.98 86.02 85.07 84.12 83.17 82.22 81.27 80.32 79.38 78.43 77.49 76.55 75.61 74.67 73.74 72.80 71.87 70.94 70.01 69.08 68.15 67.23 66.31 65.39 64.47 63.56 62.65 61.74 60.84 59.93 59.03 58.14 57.25 56.36 55.47 54.59 53.71 52.84 51.97 51.11 50.25 49.40 48.55 47.71 46.87 46.04 45.22 44.41 43.60 42.80 42.01 41.23 40.46 39.70 38.95 38.21 37.48 36.77 36.07 35.38 34.71 34.06 33.42 32.80 32.20 31.62 31.06 30.53 30.02 29.53 29.07 28.64 28.23 27.86 27.51 27.20 26.93 26.68 26.48 26.31 26.17 26.08 26.02 26.00 26.00 26.00 26.00 26.00 26.00 26.00 26.00 26.00 26.00 26.00 26.00 26.00 26.00 26.00 26.00 26.00 26.00 26.00 26.00 26.00 26.00 26.00 26.00 26.00 26.00 26.00 26.00 26.00 26.00 26.00 26.00 26.00 26.00 26.00 26.00 26.00 26.00 26.00 26.00 26.00 26.00 26.00 26.00 26.00 26.00 26.00 26.00 26.00 26.00 26.00 26.00 26.00 26.00 26.00 26.00 26.00 26.00 26.00 26.00 26.00 26.00 26.00 26.00 26.00 26.00 26.00 26.00 26.00 26.00 26.00 26.00 26.00 26.00 26.00 26.00 26.00 26.00 26.02 26.08 26.17 26.31 26.48 26.68 26.93 27.20 27.51 27.86 28.23 28.64 29.07 29.53 30.02 30.53 31.06 31.62 32.20 32.80 33.42 34.06 34.71 35.38 36.07 36.77 37.48 38.21 38.95 39.70
95.34 94.37 93.41 92.44 91.48 90.52 89.56 88.60 87.64 86.68 85.73 84.77 83.82 82.86 81.91 80.96 80.01 79.06 78.11 77.16 76.22 75.27 74.33 73.39 72.45 71.51 70.58 69.64 68.71 67.78 66.85 65.92 65.00 64.08 63.16 62.24 61.33 60.42 59.51 58.60 57.70 56.80 55.90 55.01 54.12 53.24 52.35 51.48 50.61 49.74 48.88 48.02 47.17 46.32 45.49 44.65 43.83 43.01 42.20 41.40 40.61 39.82 39.05 38.29 37.54 36.80 36.07 35.36 34.66 33.97 33.30 32.65 32.02 31.40 30.81 30.23 29.68 29.15 28.65 28.18 27.73 27.31 26.93 26.57 26.25 25.96 25.71 25.50 25.32 25.18 25.08 25.02 25.00 25.00 25.00 25.00 25.00 25.00 25.00 25.00 25.00 25.00 25.00 25.00 25.00 25.00 25.00 25.00 25.00 25.00 25.00 25.00 25.00 25.00 25.00 25.00 25.00 25.00 25.00 25.00 25.00 25.00 25.00 25.00 25.00 25.00 25.00 25.00 25.00 25.00 25.00 25.00 25.00 25.00 25.00 25.00 25.00 25.00 25.00 25.00 25.00 25.00 25.00 25.00 25.00 25.00 25.00 25.00 25.00 25.00 25.00 25.00 25.00 25.00 25.00 25.00 25.00 25.00 25.00 25.00 25.00 25.00 25.00 25.00 25.00 25.00 25.00 25.00 25.00 25.00 25.02 25.08 25.18 25.32 25.50 25.71 25.96 26.25 26.57 26.93 27.31 27.73 28.18 28.65 29.15 29.68 30.23 30.81 31.40 32.02 32.65 33.30 33.97 34.66 35.36 36.07 36.80 37.54 38.29 39.05
95.08 94.11 93.15 92.18 91.21 90.25 89.29 88.32 87.36 86.40 85.44 84.48 83.52 82.57 81.61 80.65 79.70 78.75 77.79 76.84 75.89 74.95 74.00 73.05 72.11 71.17 70.23 69.29 68.35 67.42 66.48 65.55 64.62 63.69 62.77 61.85 60.93 60.01 59.09 58.18 57.27 56.36 55.46 54.56 53.67 52.77 51.88 51.00 50.12 49.24 48.37 47.51 46.65 45.79 44.94 44.10 43.27 42.44 41.62 40.80 40.00 39.20 38.42 37.64 36.88 36.12 35.38 34.66 33.94 33.24 32.56 31.89 31.24 30.61 30.00 29.41 28.84 28.30 27.78 27.29 26.83 26.40 26.00 25.63 25.30 25.00 24.74 24.52 24.33 24.19 24.08 24.02 24.00 24.00 24.00 24.00 24.00 24.00 24.00 24.00 24.00 24.00 24.00 24.00 24.00 24.00 24.00 24.00 24.00 24.00 24.00 24.00 24.00 24.00 24.00 24.00 24.00 24.00 24.00 24.00 24.00 24.00 24.00 24.00 24.00 24.00 24.00 24.00 24.00 24.00 24.00 24.00 24.00 24.00 24.00 24.00 24.00 24.00 24.00 24.00 24.00 24.00 24.00 24.00 24.00 24.00 24.00 24.00 24.00 24.00 24.00 24.00 24.00 24.00 24.00 24.00 24.00 24.00 24.00 24.00 24.00 24.00 24.00 24.00 24.00 24.00 24.00 24.00 24.00 24.00 24.02 24.08 24.19 24.33 24.52 24.74 25.00 25.30 25.63 26.00 26.40 26.83 27.29 27.78 28.30 28.84 29.41 30.00 30.61 31.24 31.89 32.56 33.24 33.94 34.66 35.38 36.12 36.88 37.64 38.42
94.83 93.86 92.89 91.92 90.96 89.99 89.02 88.06 87.09 86.13 85.16 84.20 83.24 82.28 81.32 80.36 79.40 78.45 77.49 76.54 75.58 74.63 73.68 72.73 71.78 70.84 69.89 68.95 68.01 67.07 66.13 65.19 64.26 63.32 62.39 61.47 60.54 59.62 58.69 57.78 56.86 55.95 55.04 54.13 53.23 52.33 51.43 50.54 49.65 48.76 47.89 47.01 46.14 45.28 44.42 43.57 42.72 41.88 41.05 40.22 39.41 38.60 37.80 37.01 36.24 35.47 34.71 33.97 33.24 32.53 31.83 31.14 30.48 29.83 29.21 28.60 28.02 27.46 26.93 26.42 25.94 25.50 25.08 24.70 24.35 24.04 23.77 23.54 23.35 23.19 23.09 23.02 23.00 23.00 23.00 23.00 23.00 23.00 23.00 23.00 23.00 23.00 23.00 23.00 23.00 23.00 23.00 23.00 23.00 23.00 23.00 23.00 23.00 23.00 23.00 23.00 23.00 23.00 23.00 23.00 23.00 23.00 23.00 23.00 23.00 23.00 23.00 23.00 23.00 23.00 23.00 23.00 23.00 23.00 23.00 23.00 23.00 23.00 23.00 23.00 23.00 23.00 23.00 23.00 23.00 23.00 23.00 23.00 23.00 23.00 23.00 23.00 23.00 23.00 23.00 23.00 23.00 23.00 23.00 23.00 23.00 23.00 23.00 23.00 23.00 23.00 23.00 23.00 23.00 23.00 23.02 23.09 23.19 23.35 23.54 23.77 24.04 24.35 24.70 25.08 25.50 25.94 26.42 26.93 27.46 28.02 28.60 29.21 29.83 30.48 31.14 31.83 32.53 33.24 33.97 34.71 35.47 36.24 37.01 37.80
94.59 93.62 92.65 91.68 90.71 89.74 88.77 87.80 86.83 85.87 84.90 83.93 82.97 82.01 81.04 80.08 79.12 78.16 77.20 76.24 75.29 74.33 73.38 72.42 71.47 70.52 69.57 68.62 67.68 66.73 65.79 64.85 63.91 62.97 62.03 61.10 60.17 59.24 58.31 57.38 56.46 55.54 54.63 53.71 52.80 51.89 50.99 50.09 49.19 48.30 47.41 46.53 45.65 44.78 43.91 43.05 42.19 41.34 40.50 39.66 38.83 38.01 37.20 36.40 35.61 34.83 34.06 33.30 32.56 31.83 31.11 30.41 29.73 29.07 28.43 27.80 27.20 26.63 26.08 25.55 25.06 24.60 24.17 23.77 23.41 23.09 22.80 22.56 22.36 22.20 22.09 22.02 22.00 22.00 22.00 22.00 22.00 22.00 22.00 22.00 22.00 22.00 22.00 22.00 22.00 22.00 22.00 22.00 22.00 22.00 22.00 22.00 22.00 22.00 22.00 22.00 22.00 22.00 22.00 22.00 22.00 22.00 22.00 22.00 22.00 22.00 22.00 22.00 22.00 22.00 22.00 22.00 22.00 22.00 22.00 22.00 22.00 22.00 22.00 22.00 22.00 22.00 22.00 22.00 22.00 22.00 22.00 22.00 22.00 22.00 22.00 22.00 22.00 22.00 22.00 22.00 22.00 22.00 22.00 22.00 22.00 22.00 22.00 22.00 22.00 22.00 22.00 22.00 22.00 22.00 22.02 22.09 22.20 22.36 22.56 22.80 23.09 23.41 23.77 24.17 24.60 25.06 25.55 26.08 26.63 27.20 27.80 28.43 29.07 29.73 30.41 31.11 31.83 32.56 33.30 34.06 34.83 35.61 36.40 37.20
94.37 93.39 92.42 91.44 90.47 89.50 88.53 87.56 86.59 85.62 84.65 83.68 82.71 81.74 80.78 79.81 78.85 77.88 76.92 75.96 75.00 74.04 73.08 72.12 71.17 70.21 69.26 68.31 67.36 66.41 65.46 64.51 63.57 62.63 61.68 60.75 59.81 58.87 57.94 57.01 56.08 55.15 54.23 53.31 52.39 51.48 50.57 49.66 48.75 47.85 46.96 46.07 45.18 44.29 43.42 42.54 41.68 40.82 39.96 39.12 38.28 37.44 36.62 35.81 35.00 34.21 33.42 32.65 31.89 31.14 30.41 29.70 29.00 28.32 27.66 27.02 26.40 25.81 25.24 24.70 24.19 23.71 23.26 22.85 22.47 22.14 21.84 21.59 21.38 21.21 21.10 21.02 21.00 21.00 21.00 21.00 21.00 21.00 21.00 21.00 21.00 21.00 21.00 21.00 21.00 21.00 21.00 21.00 21.00 21.00 21.00 21.00 21.00 21.00 21.00 21.00 21.00 21.00 21.00 21.00 21.00 21.00 21.00 21.00 21.00 21.00 21.00 21.00 21.00 21.00 21.00 21.00 21.00 21.00 21.00 21.00 21.00 21.00 21.00 21.00 21.00 21.00 21.00 21.00 21.00 21.00 21.00 21.00 21.00 21.00 21.00 21.00 21.00 21.00 21.00 21.00 21.00 21.00 21.00 21.00 21.00 21.00 21.00 21.00 21.00 21.00 21.00 21.00 21.00 21.00 21.02 21.10 21.21 21.38 21.59 21.84 22.14 22.47 22.85 23.26 23.71 24.19 24.70 25.24 25.81 26.40 27.02 27.66 28.32 29.00 29.70 30.41 31.14 31.89 32.65 33.42 34.21 35.00 35.81 36.62
94.15 93.17 92.20 91.22 90.24 89.27 88.29 87.32 86.35 85.38 84.40 83.43 82.46 81.49 80.52 79.56 78.59 77.62 76.66 75.69 74.73 73.76 72.80 71.84 70.88 69.92 68.96 68.01 67.05 66.10 65.15 64.20 63.25 62.30 61.35 60.41 59.46 58.52 57.58 56.65 55.71 54.78 53.85 52.92 52.00 51.08 50.16 49.24 48.33 47.42 46.52 45.62 44.72 43.83 42.94 42.06 41.18 40.31 39.45 38.59 37.74 36.89 36.06 35.23 34.41 33.60 32.80 32.02 31.24 30.48 29.73 29.00 28.28 27.59 26.91 26.25 25.61 25.00 24.41 23.85 23.32 22.83 22.36 21.93 21.54 21.19 20.88 20.62 20.40 20.22 20.10 20.02 20.00 20.00 20.00 20.00 20.00 20.00 20.00 20.00 20.00 20.00 20.00 20.00 20.00 20.00 20.00 20.00 20.00 20.00 20.00 20.00 20.00 20.00 20.00 20.00 20.00 20.00 20.00 20.00 20.00 20.00 20.00 20.00 20.00 20.00 20.00 20.00 20.00 20.00 20.00 20.00 20.00 20.00 20.00 20.00 20.00 20.00 20.00 20.00 20.00 20.00 20.00 20.00 20.00 20.00 20.00 20.00 20.00 20.00 20.00 20.00 20.00 20.00 20.00 20.00 20.00 20.00 20.00 20.00 20.00 20.00 20.00 20.00 20.00 20.00 20.00 20.00 20.00 20.00 20.02 20.10 20.22 20.40 20.62 20.88 21.19 21.54 21.93 22.36 22.83 23.32 23.85 24.41 25.00 25.61 26.25 26.91 27.59 28.28 29.00 29.73 30.48 31.24 32.02 32.80 33.60 34.41 35.23 36.06
93.94 92.96 91.98 91.01 90.03 89.05 88.07 87.10 86.12 85.15 84.17 83.20 82.23 81.25 80.28 79.31 78.34 77.37 76.40 75.43 74.46 73.50 72.53 71.57 70.60 69.64 68.68 67.72 66.76 65.80 64.85 63.89 62.94 61.98 61.03 60.08 59.14 58.19 57.25 56.30 55.36 54.42 53.49 52.55 51.62 50.70 49.77 48.85 47.93 47.01 46.10 45.19 44.28 43.38 42.49 41.59 40.71 39.82 38.95 38.08 37.22 36.36 35.51 34.67 33.84 33.02 32.20 31.40 30.61 29.83 29.07 28.32 27.59 26.87 26.17 25.50 24.84 24.21 23.60 23.02 22.47 21.95 21.47 21.02 20.62 20.25 19.92 19.65 19.42 19.24 19.10 19.03 19.00 19.00 19.00 19.00 19.00 19.00 19.00 19.00 19.00 19.00 19.00 19.00 19.00 19.00 19.00 19.00 19.00 19.00 19.00 19.00 19.00 19.00 19.00 19.00 19.00 19.00 19.00 19.00 19.00 19.00 19.00 19.00 19.00 19.00 19.00 19.00 19.00 19.00 19.00 19.00 19.00 19.00 19.00 19.00 19.00 19.00 19.00 19.00 19.00 19.00 19.00 19.00 19.00 19.00 19.00 19.00 19.00 19.00 19.00 19.00 19.00 19.00 19.00 19.00 19.00 19.00 19.00 19.00 19.00 19.00 19.00 19.00 19.00 19.00 19.00 19.00 19.00 19.00 19.03 19.10 19.24 19.42 19.65 19.92 20.25 20.62 21.02 21.47 21.95 22.47 23.02 23.60 24.21 24.84 25.50 26.17 26.87 27.59 28.32 29.07 29.83 30.61 31.40 32.20 33.02 33.84 34.67 35.51
